248956422
242193529
198295559
190214555
181538259
170805979
159345973
145138636
138394717
133797422
135086622
133275309
114364328
107043718
101991189
90338345
83257441
80373285
58617616
64444167
46709983
50818468
156040895
57227415
16569
209709
201709
191469
182896
185591
92689
164239
137718
176608
161147
179198
161802
155397
179693
211173
15008
2274
1942
2165
1472
1201
12399
998
2276
1444
37690
4416
21476
1040
1652
2699
1368
1048
1026
1121
1428
1428
3530
1803
2855
8320
2805
1650
1451
2656
2378
1136
1048
1045
1930
4215
1750
1658
990
1788
1537
1216
1298
2387
1484
971
1308
970
1143
1880
2646
1179
2489
2043
2145
1029
2321
1445
981
2140
1884
1361
92983
112505
392061
7992
1774
1233
3920
4055
5353
1951
2318
2415
8127
22689
6361
1300
3253
2186
138126
7642
5674
2983
1899
2168
91309
993
1202
1599
31033
1553
7046
6504
1400
4513
2969
6158
44474
4685
5796
3041
175055
32032
127682
66860
40176
42210
176043
40745
41717
161471
153799
40062
38054
176845
39050
100316
194050
38115
39555
172810
43739
448248
1872759
280839
112551
150754
41543
179772
165050
42811
181920
103838
99375
73985
37240
157432
186739
210658
168472
41891
66486
198735
93321
158759
148850
150742
27745
62944
40191
36723
79590
71251
