0
249036800
491257856
689700864
880017408
1061683200
1232601088
1391984640
1537212416
1675624448
1809580032
1944846336
2078277632
2192834560
2300051456
2402287616
2492727296
2576089088
2656567296
2715287552
2779774976
2826698752
2877554688
3033792512
3091202048
3091464192
3091726336
3091988480
3092250624
3092512768
3092774912
3093037056
3093299200
3093561344
3093823488
3094085632
3094347776
3094609920
3094872064
3095134208
3095396352
3095658496
3095920640
3096182784
3096444928
3096707072
3096969216
3097231360
3097493504
3097755648
3098017792
3098279936
3098542080
3098804224
3099066368
3099328512
3099590656
3099852800
3100114944
3100377088
3100639232
3100901376
3101163520
3101425664
3101687808
3101949952
3102212096
3102474240
3102736384
3102998528
3103260672
3103522816
3103784960
3104047104
3104309248
3104571392
3104833536
3105095680
3105357824
3105619968
3105882112
3106144256
3106406400
3106668544
3106930688
3107192832
3107454976
3107717120
3107979264
3108241408
3108503552
3108765696
3109027840
3109289984
3109552128
3109814272
3110076416
3110338560
3110600704
3110862848
3111124992
3111387136
3111649280
3111911424
3112173568
3112697856
3112960000
3113222144
3113484288
3113746432
3114008576
3114270720
3114532864
3114795008
3115057152
3115319296
3115581440
3115843584
3116105728
3116367872
3116630016
3116892160
3117154304
3117416448
3117678592
3117940736
3118202880
3118465024
3118727168
3118989312
3119251456
3119513600
3119775744
3120037888
3120300032
3120562176
3120824320
3121086464
3121348608
3121610752
3121872896
3122135040
3122397184
3122659328
3122921472
3123183616
3123445760
3123707904
3123970048
3124232192
3124494336
3124756480
3125018624
3125280768
3125542912
3125805056
3126067200
3126329344
3126591488
3126853632
3127115776
3127377920
3127640064
3127902208
3128426496
3130523648
3131047936
3131310080
3131572224
3131834368
3132096512
3132358656
3132620800
3132882944
3133145088
3133407232
3133669376
3133931520
3134193664
3134455808
3134717952
3134980096
3135242240
3135504384
3135766528
3136028672
3136290816
3136552960
3136815104
3137077248
3137339392
3137601536
3137863680
3138125824
3138387968
